Size = 1000.
Time = 0.0401083.
Size = 2000.
Time = 0.114329.
