Size = 1000.
Time = 0.00315672.
Size = 2000.
Time = 0.0114534.
