Size = 1000.
Time = 0.00113116.
Size = 2000.
Time = 0.00201465.
