Size = 1000.
Time = 0.0473168.
Size = 2000.
Time = 0.122681.
Size = 4000.
Time = 0.56574.
Size = 8000.
Time = 2.11334.
