Size = 1000.
Time = 0.000929692.
Size = 2000.
Time = 0.00173812.
Size = 4000.
Time = 0.00307267.
