Size = 1000.
Time = 0.0295467.
Size = 2000.
Time = 0.0861072.
Size = 4000.
Time = 0.304891.
