Size = 1000.
Time = 0.00242785.
Size = 2000.
Time = 0.00592141.
Size = 4000.
Time = 0.0102183.
