Size = 1000.
Time = 0.000907877.
Size = 2000.
Time = 0.00204673.
